dv:So/beam/BeamEnergySpectrumValues = 495
  1.1  1.3  1.5  1.7  1.9  2.1  2.3  2.5  2.7  2.9  3.1  3.3  3.5  3.7
  3.9  4.1  4.3  4.5  4.7  4.9  5.1  5.3  5.5  5.7  5.9  6.1  6.3  6.5
  6.7  6.9  7.1  7.3  7.5  7.7  7.9  8.1  8.3  8.5  8.7  8.9  9.1  9.3
  9.5  9.7  9.9 10.1 10.3 10.5 10.7 10.9 11.1 11.3 11.5 11.7 11.9 12.1
 12.3 12.5 12.7 12.9 13.1 13.3 13.5 13.7 13.9 14.1 14.3 14.5 14.7 14.9
 15.1 15.3 15.5 15.7 15.9 16.1 16.3 16.5 16.7 16.9 17.1 17.3 17.5 17.7
 17.9 18.1 18.3 18.5 18.7 18.9 19.1 19.3 19.5 19.7 19.9 20.1 20.3 20.5
 20.7 20.9 21.1 21.3 21.5 21.7 21.9 22.1 22.3 22.5 22.7 22.9 23.1 23.3
 23.5 23.7 23.9 24.1 24.3 24.5 24.7 24.9 25.1 25.3 25.5 25.7 25.9 26.1
 26.3 26.5 26.7 26.9 27.1 27.3 27.5 27.7 27.9 28.1 28.3 28.5 28.7 28.9
 29.1 29.3 29.5 29.7 29.9 30.1 30.3 30.5 30.7 30.9 31.1 31.3 31.5 31.7
 31.9 32.1 32.3 32.5 32.7 32.9 33.1 33.3 33.5 33.7 33.9 34.1 34.3 34.5
 34.7 34.9 35.1 35.3 35.5 35.7 35.9 36.1 36.3 36.5 36.7 36.9 37.1 37.3
 37.5 37.7 37.9 38.1 38.3 38.5 38.7 38.9 39.1 39.3 39.5 39.7 39.9 40.1
 40.3 40.5 40.7 40.9 41.1 41.3 41.5 41.7 41.9 42.1 42.3 42.5 42.7 42.9
 43.1 43.3 43.5 43.7 43.9 44.1 44.3 44.5 44.7 44.9 45.1 45.3 45.5 45.7
 45.9 46.1 46.3 46.5 46.7 46.9 47.1 47.3 47.5 47.7 47.9 48.1 48.3 48.5
 48.7 48.9 49.1 49.3 49.5 49.7 49.9 50.1 50.3 50.5 50.7 50.9 51.1 51.3
 51.5 51.7 51.9 52.1 52.3 52.5 52.7 52.9 53.1 53.3 53.5 53.7 53.9 54.1
 54.3 54.5 54.7 54.9 55.1 55.3 55.5 55.7 55.9 56.1 56.3 56.5 56.7 56.9
 57.1 57.3 57.5 57.7 57.9 58.1 58.3 58.5 58.7 58.9 59.1 59.3 59.5 59.7
 59.9 60.1 60.3 60.5 60.7 60.9 61.1 61.3 61.5 61.7 61.9 62.1 62.3 62.5
 62.7 62.9 63.1 63.3 63.5 63.7 63.9 64.1 64.3 64.5 64.7 64.9 65.1 65.3
 65.5 65.7 65.9 66.1 66.3 66.5 66.7 66.9 67.1 67.3 67.5 67.7 67.9 68.1
 68.3 68.5 68.7 68.9 69.1 69.3 69.5 69.7 69.9 70.1 70.3 70.5 70.7 70.9
 71.1 71.3 71.5 71.7 71.9 72.1 72.3 72.5 72.7 72.9 73.1 73.3 73.5 73.7
 73.9 74.1 74.3 74.5 74.7 74.9 75.1 75.3 75.5 75.7 75.9 76.1 76.3 76.5
 76.7 76.9 77.1 77.3 77.5 77.7 77.9 78.1 78.3 78.5 78.7 78.9 79.1 79.3
 79.5 79.7 79.9 80.1 80.3 80.5 80.7 80.9 81.1 81.3 81.5 81.7 81.9 82.1
 82.3 82.5 82.7 82.9 83.1 83.3 83.5 83.7 83.9 84.1 84.3 84.5 84.7 84.9
 85.1 85.3 85.5 85.7 85.9 86.1 86.3 86.5 86.7 86.9 87.1 87.3 87.5 87.7
 87.9 88.1 88.3 88.5 88.7 88.9 89.1 89.3 89.5 89.7 89.9 90.1 90.3 90.5
 90.7 90.9 91.1 91.3 91.5 91.7 91.9 92.1 92.3 92.5 92.7 92.9 93.1 93.3
 93.5 93.7 93.9 94.1 94.3 94.5 94.7 94.9 95.1 95.3 95.5 95.7 95.9 96.1
 96.3 96.5 96.7 96.9 97.1 97.3 97.5 97.7 97.9 98.1 98.3 98.5 98.7 98.9
 99.1 99.3 99.5 99.7 99.9 keV 

 uv:So/beam/BeamEnergySpectrumWeights = 495
 0.       0.       0.       0.       0.       0.       0.       0.
 0.       0.       0.       0.       0.       0.       0.       0.
 0.       0.       0.       0.       0.       0.       0.       0.
 0.       0.       0.       0.       0.       0.       0.       0.
 0.       0.       0.       0.       0.       0.       0.       0.
 0.       0.       0.       0.       0.       0.       0.       0.
 0.       0.       0.       0.       0.       0.       0.       0.
 0.       0.       0.       0.       0.       0.       0.       0.
 0.       0.       0.       0.       0.       0.       0.       0.
 0.       0.       0.       0.       0.       0.       0.       0.
 0.       0.       0.000001 0.000001 0.000002 0.000003 0.000003 0.000005
 0.000006 0.000007 0.000009 0.000011 0.000014 0.000017 0.000021 0.000025
 0.00003  0.000036 0.000043 0.00005  0.000058 0.000068 0.000078 0.00009
 0.000102 0.000116 0.000132 0.000148 0.000166 0.000186 0.000207 0.000229
 0.000253 0.000279 0.000306 0.000335 0.000365 0.000397 0.00043  0.000465
 0.000502 0.00054  0.00058  0.000621 0.000663 0.000707 0.000753 0.000799
 0.000847 0.000896 0.000946 0.000997 0.001049 0.001102 0.001155 0.001209
 0.001264 0.001319 0.001375 0.001431 0.001488 0.001546 0.001603 0.001661
 0.001719 0.001777 0.001835 0.001894 0.001952 0.00201  0.002067 0.002125
 0.002182 0.002239 0.002296 0.002352 0.002408 0.002464 0.002518 0.002573
 0.002627 0.00268  0.002732 0.002784 0.002835 0.002886 0.002936 0.002985
 0.003033 0.00308  0.003126 0.003171 0.003215 0.003257 0.0033   0.003341
 0.003381 0.00342  0.003459 0.003496 0.003533 0.003569 0.003604 0.003638
 0.003671 0.003703 0.003734 0.003764 0.003794 0.003823 0.00385  0.003877
 0.003903 0.003928 0.003952 0.003975 0.003996 0.004017 0.004036 0.004055
 0.004074 0.004091 0.004107 0.004123 0.004138 0.004152 0.004166 0.004179
 0.004191 0.004202 0.004213 0.004223 0.004232 0.004241 0.004249 0.004256
 0.004263 0.004269 0.004274 0.004279 0.004283 0.004286 0.004288 0.00429
 0.004291 0.004291 0.004292 0.004291 0.00429  0.004289 0.004287 0.004285
 0.004282 0.004279 0.004275 0.004271 0.004267 0.004262 0.004257 0.004251
 0.004245 0.004239 0.004232 0.004225 0.004218 0.00421  0.004201 0.004192
 0.004182 0.004173 0.004163 0.004152 0.004142 0.004131 0.00412  0.004109
 0.004097 0.004086 0.004073 0.004061 0.004049 0.004036 0.004024 0.00401
 0.003997 0.003984 0.003971 0.003957 0.003943 0.003929 0.003914 0.003899
 0.003884 0.003869 0.003854 0.003838 0.003823 0.003807 0.003791 0.003775
 0.003759 0.003743 0.003727 0.00371  0.024844 0.003678 0.003661 0.003644
 0.003627 0.00361  0.003594 0.041664 0.003559 0.003542 0.003525 0.003508
 0.00349  0.003472 0.003455 0.003437 0.003419 0.003401 0.003383 0.003365
 0.003348 0.00333  0.003312 0.003294 0.003275 0.003258 0.003239 0.003221
 0.003203 0.003185 0.003167 0.003149 0.00313  0.003112 0.003094 0.003076
 0.003057 0.003039 0.00302  0.003001 0.002983 0.002964 0.002946 0.002927
 0.002909 0.007712 0.002872 0.012228 0.002835 0.003055 0.002798 0.002779
 0.002761 0.002742 0.002724 0.002706 0.002687 0.006025 0.002614 0.002886
 0.00238  0.002365 0.00235  0.002335 0.00232  0.002305 0.00229  0.002275
 0.002259 0.002244 0.002229 0.002214 0.002199 0.002184 0.002169 0.002154
 0.002139 0.002123 0.002108 0.002093 0.002078 0.002063 0.002048 0.002032
 0.002017 0.002002 0.001987 0.001971 0.001956 0.001941 0.001925 0.00191
 0.001895 0.001879 0.001864 0.001849 0.001834 0.001818 0.001803 0.001787
 0.001772 0.001757 0.001741 0.001726 0.00171  0.001695 0.00168  0.001664
 0.001649 0.001633 0.001618 0.001602 0.001587 0.001571 0.001555 0.00154
 0.001524 0.001509 0.001493 0.001477 0.001462 0.001446 0.001431 0.001415
 0.001399 0.001384 0.001368 0.001353 0.001337 0.001321 0.001306 0.00129
 0.001274 0.001259 0.001243 0.001228 0.001212 0.001196 0.00118  0.001165
 0.001149 0.001133 0.001118 0.001102 0.001086 0.001071 0.001055 0.001039
 0.001023 0.001007 0.000992 0.000976 0.00096  0.000944 0.000928 0.000913
 0.000897 0.000881 0.000865 0.000849 0.000833 0.000817 0.000801 0.000785
 0.000769 0.000753 0.000737 0.000721 0.000705 0.000689 0.000673 0.000657
 0.000641 0.000625 0.000608 0.000592 0.000576 0.00056  0.000544 0.000528
 0.000511 0.000495 0.000479 0.000463 0.000447 0.000431 0.000414 0.000398
 0.000382 0.000366 0.000349 0.000333 0.000317 0.000301 0.000284 0.000268
 0.000252 0.000236 0.000219 0.000203 0.000187 0.000171 0.000155 0.000138
 0.000122 0.000105 0.000089 0.000072 0.000053 0.000032 0.000011