0 2009895
1000 2009895
2000 2009895
3000 2009895
4000 2009895
5000 2009895
6000 2009895
7000 2009895
8000 2009895
9000 2009895
10000 2009895
11000 2009895
12000 2009895
13000 2009895
14000 2009895
15000 2009895
16000 2009895
17000 2009895
18000 2009895
19000 2009895
20000 2009895
21000 2009895
22000 2009895
23000 2009895
24000 2009895
25000 2009895
26000 2009895
27000 2009895
28000 2009895
29000 2009895
30000 2009895
31000 2009895
32000 2009895
33000 2009895
34000 2009895
35000 2009895
36000 2009895
37000 2009895
38000 2009895
39000 2009895
40000 2009895
41000 2009895
42000 2009895
43000 2009895
44000 2009895
45000 2009895
46000 2009895
47000 2009895
48000 2009895
49000 2009895
50000 2009895
51000 2009895
52000 2009895
53000 2009895
54000 2009895
55000 2009895
56000 2009895
57000 2009895
58000 2009895
59000 2009895
60000 2009895
61000 2009895
62000 2009895
63000 2009895
64000 2009895
65000 2009895
66000 2009895
67000 2009895
68000 2009895
69000 2009895
70000 2009895
71000 2009895
72000 2009895
73000 2009895
74000 2009895
75000 2009895
76000 2009895
77000 2009895
78000 2009895
79000 2009895
80000 2009895
81000 2009895
82000 2009895
83000 2009895
84000 2009895
85000 2009895
86000 2009895
87000 2009895
88000 2009895
89000 2009895
90000 2009895
91000 2009895
92000 2009895
93000 2009895
94000 2009895
95000 2009895
96000 2009895
97000 2009895
98000 2009895
99000 2009895
100000 2009895
101000 2009895
102000 2009895
103000 2009895
104000 2009895
105000 2009895
106000 2009895
107000 2009895
108000 2009895
109000 2009895
110000 2009895
111000 2009895
112000 2009895
113000 2009895
114000 2009895
115000 2009895
116000 2009895
117000 2009895
118000 2009895
119000 2009895
120000 2009895
121000 2009895
122000 2009895
123000 2009895
124000 2009895
125000 2009895
126000 2009895
127000 2009895
128000 2009895
129000 2009895
130000 2009895
131000 2009895
132000 2009895
133000 2009895
134000 2009895
135000 2009895
136000 2009895
137000 2009895
138000 2009895
139000 2009895
140000 2009895
141000 2009895
142000 2009895
143000 2009895
144000 2009895
145000 2009895
146000 2009895
147000 2009895
148000 2009895
149000 2009895
150000 2009895
151000 2009895
152000 2009895
153000 2009895
154000 2009895
155000 2009895
156000 2009895
157000 2009895
158000 2009895
159000 2009895
160000 2009895
161000 2009895
162000 2009895
163000 2009895
164000 2009895
165000 2009895
166000 2009895
167000 2009895
168000 2009895
169000 2009895
170000 2009895
171000 2009895
172000 2009895
173000 2009895
174000 2009895
175000 2009895
176000 2009895
177000 2009895
178000 2009895
179000 2009895
180000 2009895
181000 2009895
182000 2009895
183000 2009895
184000 2009895
185000 2009895
186000 2009895
187000 2009895
188000 2009895
189000 2009895
190000 2009895
191000 2009895
192000 2009895
193000 2009895
194000 2009895
195000 2009895
196000 2009895
197000 2009895
198000 2009895
199000 2009895
200000 2009895
201000 2009895
202000 2009895
203000 2009895
204000 2009895
205000 2009895
206000 2009895
207000 2009895
208000 2009895
209000 2009895
210000 2009895
211000 2009895
212000 2009895
213000 2009895
214000 2009895
215000 2009895
216000 2009895
217000 2009895
218000 2009895
219000 2009895
220000 2009895
221000 2009895
222000 2009895
223000 2009895
224000 2009895
225000 2009895
226000 2009895
227000 2009895
228000 2009895
229000 2009895
230000 2009895
231000 2009895
232000 2009895
233000 2009895
234000 2009895
235000 2009895
236000 2009895
237000 2009895
238000 2009895
239000 2009895
240000 2009895
241000 2009895
242000 2009895
243000 2009895
244000 2009895
245000 2009895
246000 2009895
247000 2009895
248000 2009895
249000 2009895
250000 2009895
251000 2009895
252000 2009895
253000 2009895
254000 2009895
255000 2009895
256000 2009895
257000 2009895
258000 2009895
259000 2009895
260000 2009895
261000 2009895
262000 2009895
263000 2009895
264000 2009895
265000 2009895
266000 2009895
267000 2009895
268000 2009895
269000 2009895
270000 2009895
271000 2009895
272000 2009895
273000 2009895
274000 2009895
275000 2009895
276000 2009895
277000 2009895
278000 2009895
279000 2009895
280000 2009895
281000 2009895
282000 2009895
283000 2009895
284000 2009895
285000 2009895
286000 2009895
287000 2009895
288000 2009895
289000 2009895
290000 2009895
291000 2009895
292000 2009895
293000 2009895
294000 2009895
295000 2009895
296000 2009895
297000 2009895
298000 2009895
299000 2009895
300000 2009895
301000 2009895
302000 2009895
303000 2009895
304000 2009895
305000 2009895
306000 2009895
307000 2009895
308000 2009895
309000 2009895
310000 2009895
311000 2009895
312000 2009895
313000 2009895
314000 2009895
315000 2009895
316000 2009895
317000 2009895
318000 2009895
319000 2009895
320000 2009895
321000 2009895
322000 2009895
323000 2009895
324000 2009895
325000 2009895
326000 2009895
327000 2009895
328000 2009895
329000 2009895
330000 2009895
331000 2009895
332000 2009895
333000 2009895
334000 2009895
335000 2009895
336000 2009895
337000 2009895
338000 2009895
339000 2009895
340000 2009895
341000 2009895
342000 2009895
343000 2009895
344000 2009895
345000 2009895
346000 2009895
347000 2009895
348000 2009895
349000 2009895
350000 2009895
351000 2009895
352000 2009895
353000 2009895
354000 2009895
355000 2009895
356000 2009895
357000 2009895
358000 2009895
359000 2009895
360000 2009895
361000 2009895
362000 2009895
363000 2009895
364000 2009895
365000 2009895
366000 2009895
367000 2009895
368000 2009895
369000 2009895
370000 2009895
371000 2009895
372000 2009895
373000 2009895
374000 2009895
375000 2009895
376000 2009895
377000 2009895
378000 2009895
379000 2009895
380000 2009895
381000 2009895
382000 2009895
383000 2009895
384000 2009895
385000 2009895
386000 2009895
387000 2009895
388000 2009895
389000 2009895
390000 2009895
391000 2009895
392000 2009895
393000 2009895
394000 2009895
395000 2009895
396000 2009895
397000 2009895
398000 2009895
399000 2009895
400000 2009895
401000 2009895
402000 2009895
403000 2009895
404000 2009895
405000 2009895
406000 2009895
407000 2009895
408000 2009895
409000 2009895
410000 2009895
411000 2009895
412000 2009895
413000 2009895
414000 2009895
415000 2009895
416000 2009895
417000 2009895
418000 2009895
419000 2009895
420000 2009895
421000 2009895
422000 2009895
423000 2009895
424000 2009895
425000 2009895
426000 2009895
427000 2009895
428000 2009895
429000 2009895
430000 2009895
431000 2009895
432000 2009895
433000 2009895
434000 2009895
435000 2009895
436000 2009895
437000 2009895
438000 2009895
439000 2009895
440000 2009895
441000 2009895
442000 2009895
443000 2009895
444000 2009895
445000 2009895
446000 2009895
447000 2009895
448000 2009895
449000 2009895
450000 2009895
451000 2009895
452000 2009895
453000 2009895
454000 2009895
455000 2009895
456000 2009895
457000 2009895
458000 2009895
459000 2009895
460000 2009895
461000 2009895
462000 2009895
463000 2009895
464000 2009895
465000 2009895
466000 2009895
467000 2009895
468000 2009895
469000 2009895
470000 2009895
471000 2009895
472000 2009895
473000 2009895
474000 2009895
475000 2009895
476000 2009895
477000 2009895
478000 2009895
479000 2009895
480000 2009895
481000 2009895
482000 2009895
483000 2009895
484000 2009895
485000 2009895
486000 2009895
487000 2009895
488000 2009895
489000 2009895
490000 2009895
491000 2009895
492000 2009895
493000 2009895
494000 2009895
495000 2009895
496000 2009895
497000 2009895
498000 2009895
499000 2009895
500000 2009895
501000 2009895
502000 2009895
503000 2009895
504000 2009895
505000 2009895
506000 2009895
507000 2009895
508000 2009895
509000 2009895
510000 2009895
511000 2009895
512000 2009895
513000 2009895
514000 2009895
515000 2009895
516000 2009895
517000 2009895
518000 2009895
519000 2009895
520000 2009895
521000 2009895
522000 2009895
523000 2009895
524000 2009895
525000 2009895
526000 2009895
527000 2009895
528000 2009895
529000 2009895
530000 2009895
531000 2009895
532000 2009895
533000 2009895
534000 2009895
535000 2009895
536000 2009895
537000 2009895
538000 2009895
539000 2009895
540000 2009895
541000 2009895
542000 2009895
543000 2009895
544000 2009895
545000 2009895
546000 2009895
547000 2009895
548000 2009895
549000 2009895
550000 2009895
551000 2009895
552000 2009895
553000 2009895
554000 2009895
555000 2009895
556000 2009895
557000 2009895
558000 2009895
559000 2009895
560000 2009895
561000 2009895
562000 2009895
563000 2009895
564000 2009895
565000 2009895
566000 2009895
567000 2009895
568000 2009895
569000 2009895
570000 2009895
571000 2009895
572000 2009895
573000 2009895
574000 2009895
575000 2009895
576000 2009895
577000 2009895
578000 2009895
579000 2009895
580000 2009895
581000 2009895
582000 2009895
583000 2009895
584000 2009895
585000 2009895
586000 2009895
587000 2009895
588000 2009895
589000 2009895
590000 2009895
591000 2009895
592000 2009895
593000 2009895
594000 2009895
595000 2009895
596000 2009895
597000 2009895
598000 2009895
599000 2009895
600000 2009895
601000 2009895
602000 2009895
603000 2009895
604000 2009895
605000 2009895
606000 2009895
607000 2009895
608000 2009895
609000 2009895
610000 2009895
611000 2009895
612000 2009895
613000 2009895
614000 2009895
615000 2009895
616000 2009895
617000 2009895
618000 2009895
619000 2009895
620000 2009895
621000 2009895
622000 2009895
623000 2009895
624000 2009895
625000 2009895
626000 2009895
627000 2009895
628000 2009895
629000 2009895
630000 2009895
631000 2009895
632000 2009895
633000 2009895
634000 2009895
635000 2009895
636000 2009895
637000 2009895
638000 2009895
639000 2009895
640000 2009895
641000 2009895
642000 2009895
643000 2009895
644000 2009895
645000 2009895
646000 2009895
647000 2009895
648000 2009895
649000 2009895
650000 2009895
651000 2009895
652000 2009895
653000 2009895
654000 2009895
655000 2009895
656000 2009895
657000 2009895
658000 2009895
659000 2009895
660000 2009895
661000 2009895
662000 2009895
663000 2009895
664000 2009895
665000 2009895
666000 2009895
667000 2009895
668000 2009895
669000 2009895
670000 2009895
671000 2009895
672000 2009895
673000 2009895
674000 2009895
675000 2009895
676000 2009895
677000 2009895
678000 2009895
679000 2009895
680000 2009895
681000 2009895
682000 2009895
683000 2009895
684000 2009895
685000 2009895
686000 2009895
687000 2009895
688000 2009895
689000 2009895
690000 2009895
691000 2009895
692000 2009895
693000 2009895
694000 2009895
695000 2009895
696000 2009895
697000 2009895
698000 2009895
699000 2009895
700000 2009895
701000 2009895
702000 2009895
703000 2009895
704000 2009895
705000 2009895
706000 2009895
707000 2009895
708000 2009895
709000 2009895
710000 2009895
711000 2009895
712000 2009895
713000 2009895
714000 2009895
715000 2009895
716000 2009895
717000 2009895
718000 2009895
719000 2009895
720000 2009895
721000 2009895
722000 2009895
723000 2009895
724000 2009895
725000 2009895
726000 2009895
727000 2009895
728000 2009895
729000 2009895
730000 2009895
731000 2009895
732000 2009895
733000 2009895
734000 2009895
735000 2009895
736000 2009895
737000 2009895
738000 2009895
739000 2009895
740000 2009895
741000 2009895
742000 2009895
743000 2009895
744000 2009895
745000 2009895
746000 2009895
747000 2009895
748000 2009895
749000 2009895
750000 2009895
751000 2009895
752000 2009895
753000 2009895
754000 2009895
755000 2009895
756000 2009895
757000 2009895
758000 2009895
759000 2009895
760000 2009895
761000 2009895
762000 2009895
763000 2009895
764000 2009895
765000 2009895
766000 2009895
767000 2009895
768000 2009895
769000 2009895
770000 2009895
771000 2009895
772000 2009895
773000 2009895
774000 2009895
775000 2009895
776000 2009895
777000 2009895
778000 2009895
779000 2009895
780000 2009895
781000 2009895
782000 2009895
783000 2009895
784000 2009895
785000 2009895
786000 2009895
787000 2009895
788000 2009895
789000 2009895
790000 2009895
791000 2009895
792000 2009895
793000 2009895
794000 2009895
795000 2009895
796000 2009895
797000 2009895
798000 2009895
799000 2009895
800000 2009895
801000 2009895
802000 2009895
803000 2009895
804000 2009895
805000 2009895
806000 2009895
807000 2009895
808000 2009895
809000 2009895
810000 2009895
811000 2009895
812000 2009895
813000 2009895
814000 2009895
815000 2009895
816000 2009895
817000 2009895
818000 2009895
819000 2009895
820000 2009895
821000 2009895
822000 2009895
823000 2009895
824000 2009895
825000 2009895
826000 2009895
827000 2009895
828000 2009895
829000 2009895
830000 2009895
831000 2009895
832000 2009895
833000 2009895
834000 2009895
835000 2009895
836000 2009895
837000 2009895
838000 2009895
839000 2009895
840000 2009895
841000 2009895
842000 2009895
843000 2009895
844000 2009895
845000 2009895
846000 2009895
847000 2009895
848000 2009895
849000 2009895
850000 2009895
851000 2009895
852000 2009895
853000 2009895
854000 2009895
855000 2009895
856000 2009895
857000 2009895
858000 2009895
859000 2009895
860000 2009895
861000 2009895
862000 2009895
863000 2009895
864000 2009895
865000 2009895
866000 2009895
867000 2009895
868000 2009895
869000 2009895
870000 2009895
871000 2009895
872000 2009895
873000 2009895
874000 2009895
875000 2009895
876000 2009895
877000 2009895
878000 2009895
879000 2009895
880000 2009895
881000 2009895
882000 2009895
883000 2009895
884000 2009895
885000 2009895
886000 2009895
887000 2009895
888000 2009895
889000 2009895
890000 2009895
891000 2009895
892000 2009895
893000 2009895
894000 2009895
895000 2009895
896000 2009895
897000 2009895
898000 2009895
899000 2009895
