dv:So/beam/BeamEnergySpectrumValues = 495
  1.1  1.3  1.5  1.7  1.9  2.1  2.3  2.5  2.7  2.9  3.1  3.3  3.5  3.7
  3.9  4.1  4.3  4.5  4.7  4.9  5.1  5.3  5.5  5.7  5.9  6.1  6.3  6.5
  6.7  6.9  7.1  7.3  7.5  7.7  7.9  8.1  8.3  8.5  8.7  8.9  9.1  9.3
  9.5  9.7  9.9 10.1 10.3 10.5 10.7 10.9 11.1 11.3 11.5 11.7 11.9 12.1
 12.3 12.5 12.7 12.9 13.1 13.3 13.5 13.7 13.9 14.1 14.3 14.5 14.7 14.9
 15.1 15.3 15.5 15.7 15.9 16.1 16.3 16.5 16.7 16.9 17.1 17.3 17.5 17.7
 17.9 18.1 18.3 18.5 18.7 18.9 19.1 19.3 19.5 19.7 19.9 20.1 20.3 20.5
 20.7 20.9 21.1 21.3 21.5 21.7 21.9 22.1 22.3 22.5 22.7 22.9 23.1 23.3
 23.5 23.7 23.9 24.1 24.3 24.5 24.7 24.9 25.1 25.3 25.5 25.7 25.9 26.1
 26.3 26.5 26.7 26.9 27.1 27.3 27.5 27.7 27.9 28.1 28.3 28.5 28.7 28.9
 29.1 29.3 29.5 29.7 29.9 30.1 30.3 30.5 30.7 30.9 31.1 31.3 31.5 31.7
 31.9 32.1 32.3 32.5 32.7 32.9 33.1 33.3 33.5 33.7 33.9 34.1 34.3 34.5
 34.7 34.9 35.1 35.3 35.5 35.7 35.9 36.1 36.3 36.5 36.7 36.9 37.1 37.3
 37.5 37.7 37.9 38.1 38.3 38.5 38.7 38.9 39.1 39.3 39.5 39.7 39.9 40.1
 40.3 40.5 40.7 40.9 41.1 41.3 41.5 41.7 41.9 42.1 42.3 42.5 42.7 42.9
 43.1 43.3 43.5 43.7 43.9 44.1 44.3 44.5 44.7 44.9 45.1 45.3 45.5 45.7
 45.9 46.1 46.3 46.5 46.7 46.9 47.1 47.3 47.5 47.7 47.9 48.1 48.3 48.5
 48.7 48.9 49.1 49.3 49.5 49.7 49.9 50.1 50.3 50.5 50.7 50.9 51.1 51.3
 51.5 51.7 51.9 52.1 52.3 52.5 52.7 52.9 53.1 53.3 53.5 53.7 53.9 54.1
 54.3 54.5 54.7 54.9 55.1 55.3 55.5 55.7 55.9 56.1 56.3 56.5 56.7 56.9
 57.1 57.3 57.5 57.7 57.9 58.1 58.3 58.5 58.7 58.9 59.1 59.3 59.5 59.7
 59.9 60.1 60.3 60.5 60.7 60.9 61.1 61.3 61.5 61.7 61.9 62.1 62.3 62.5
 62.7 62.9 63.1 63.3 63.5 63.7 63.9 64.1 64.3 64.5 64.7 64.9 65.1 65.3
 65.5 65.7 65.9 66.1 66.3 66.5 66.7 66.9 67.1 67.3 67.5 67.7 67.9 68.1
 68.3 68.5 68.7 68.9 69.1 69.3 69.5 69.7 69.9 70.1 70.3 70.5 70.7 70.9
 71.1 71.3 71.5 71.7 71.9 72.1 72.3 72.5 72.7 72.9 73.1 73.3 73.5 73.7
 73.9 74.1 74.3 74.5 74.7 74.9 75.1 75.3 75.5 75.7 75.9 76.1 76.3 76.5
 76.7 76.9 77.1 77.3 77.5 77.7 77.9 78.1 78.3 78.5 78.7 78.9 79.1 79.3
 79.5 79.7 79.9 80.1 80.3 80.5 80.7 80.9 81.1 81.3 81.5 81.7 81.9 82.1
 82.3 82.5 82.7 82.9 83.1 83.3 83.5 83.7 83.9 84.1 84.3 84.5 84.7 84.9
 85.1 85.3 85.5 85.7 85.9 86.1 86.3 86.5 86.7 86.9 87.1 87.3 87.5 87.7
 87.9 88.1 88.3 88.5 88.7 88.9 89.1 89.3 89.5 89.7 89.9 90.1 90.3 90.5
 90.7 90.9 91.1 91.3 91.5 91.7 91.9 92.1 92.3 92.5 92.7 92.9 93.1 93.3
 93.5 93.7 93.9 94.1 94.3 94.5 94.7 94.9 95.1 95.3 95.5 95.7 95.9 96.1
 96.3 96.5 96.7 96.9 97.1 97.3 97.5 97.7 97.9 98.1 98.3 98.5 98.7 98.9
 99.1 99.3 99.5 99.7 99.9 keV 

 uv:So/beam/BeamEnergySpectrumWeights = 495
 0.       0.       0.       0.       0.       0.       0.       0.
 0.       0.       0.       0.       0.       0.       0.       0.
 0.       0.       0.       0.       0.       0.       0.       0.
 0.       0.       0.       0.       0.       0.       0.       0.
 0.       0.       0.       0.       0.       0.       0.       0.
 0.       0.       0.       0.       0.       0.       0.       0.
 0.       0.       0.       0.       0.       0.       0.       0.
 0.       0.       0.       0.       0.       0.       0.       0.
 0.       0.       0.       0.       0.       0.       0.       0.
 0.       0.       0.       0.       0.       0.       0.       0.
 0.       0.       0.000001 0.000002 0.000002 0.000003 0.000004 0.000005
 0.000006 0.000008 0.00001  0.000012 0.000015 0.000018 0.000022 0.000026
 0.000031 0.000037 0.000044 0.000052 0.00006  0.00007  0.000081 0.000092
 0.000105 0.00012  0.000135 0.000152 0.000171 0.000191 0.000212 0.000235
 0.000259 0.000285 0.000313 0.000342 0.000373 0.000405 0.000439 0.000475
 0.000512 0.000551 0.000591 0.000633 0.000676 0.000721 0.000766 0.000814
 0.000862 0.000912 0.000962 0.001014 0.001066 0.001119 0.001173 0.001228
 0.001283 0.001339 0.001395 0.001452 0.001509 0.001567 0.001625 0.001683
 0.001742 0.0018   0.001859 0.001917 0.001975 0.002034 0.002092 0.00215
 0.002207 0.002264 0.002321 0.002378 0.002434 0.002489 0.002544 0.002599
 0.002653 0.002706 0.002758 0.00281  0.002862 0.002912 0.002962 0.003011
 0.003059 0.003106 0.003152 0.003196 0.00324  0.003283 0.003325 0.003366
 0.003406 0.003445 0.003483 0.003521 0.003557 0.003593 0.003627 0.003661
 0.003694 0.003726 0.003757 0.003787 0.003816 0.003844 0.003872 0.003898
 0.003924 0.003948 0.003972 0.003995 0.004016 0.004036 0.004055 0.004074
 0.004092 0.004109 0.004125 0.00414  0.004155 0.004169 0.004182 0.004194
 0.004206 0.004217 0.004227 0.004237 0.004246 0.004254 0.004262 0.004269
 0.004275 0.004281 0.004286 0.00429  0.004294 0.004296 0.004298 0.004299
 0.0043   0.004301 0.0043   0.0043   0.004298 0.004297 0.004295 0.004292
 0.004289 0.004285 0.004281 0.004277 0.004272 0.004267 0.004261 0.004255
 0.004249 0.004243 0.004235 0.004228 0.00422  0.004212 0.004203 0.004193
 0.004184 0.004174 0.004163 0.004153 0.004142 0.004131 0.00412  0.004108
 0.004097 0.004084 0.004072 0.00406  0.004047 0.004034 0.004021 0.004008
 0.003994 0.003981 0.003967 0.003953 0.003939 0.003925 0.00391  0.003895
 0.003879 0.003864 0.003849 0.003833 0.003817 0.003801 0.003785 0.003769
 0.003753 0.003736 0.00372  0.003703 0.024795 0.00367  0.003653 0.003636
 0.003619 0.003602 0.003585 0.041565 0.003551 0.003533 0.003516 0.003499
 0.003481 0.003463 0.003445 0.003427 0.003409 0.003391 0.003373 0.003355
 0.003337 0.003319 0.003301 0.003283 0.003265 0.003247 0.003228 0.00321
 0.003192 0.003173 0.003155 0.003137 0.003119 0.0031   0.003082 0.003064
 0.003045 0.003026 0.003008 0.002989 0.002971 0.002952 0.002933 0.002915
 0.002896 0.007678 0.002859 0.012173 0.002822 0.003041 0.002785 0.002766
 0.002748 0.002729 0.002711 0.002692 0.002674 0.005995 0.0026   0.002872
 0.002368 0.002353 0.002338 0.002323 0.002308 0.002293 0.002277 0.002262
 0.002247 0.002232 0.002217 0.002202 0.002187 0.002172 0.002156 0.002141
 0.002126 0.002111 0.002096 0.002081 0.002065 0.00205  0.002035 0.00202
 0.002005 0.001989 0.001974 0.001959 0.001944 0.001928 0.001913 0.001898
 0.001883 0.001867 0.001852 0.001837 0.001821 0.001806 0.001791 0.001775
 0.00176  0.001745 0.001729 0.001714 0.001698 0.001683 0.001668 0.001652
 0.001637 0.001621 0.001606 0.001591 0.001575 0.001559 0.001544 0.001528
 0.001513 0.001497 0.001482 0.001466 0.001451 0.001435 0.00142  0.001404
 0.001388 0.001373 0.001357 0.001342 0.001326 0.001311 0.001295 0.00128
 0.001264 0.001248 0.001233 0.001217 0.001202 0.001186 0.001171 0.001155
 0.001139 0.001124 0.001108 0.001093 0.001077 0.001061 0.001046 0.00103
 0.001014 0.000999 0.000983 0.000967 0.000952 0.000936 0.00092  0.000904
 0.000889 0.000873 0.000857 0.000841 0.000825 0.00081  0.000794 0.000778
 0.000762 0.000746 0.00073  0.000714 0.000698 0.000682 0.000666 0.00065
 0.000634 0.000618 0.000602 0.000586 0.00057  0.000554 0.000538 0.000522
 0.000506 0.00049  0.000474 0.000458 0.000442 0.000426 0.00041  0.000394
 0.000378 0.000362 0.000346 0.00033  0.000314 0.000298 0.000282 0.000265
 0.000249 0.000233 0.000217 0.000201 0.000185 0.000169 0.000153 0.000137
 0.00012  0.000104 0.000088 0.000071 0.000052 0.000032 0.000011